0.942464
0.887485
0.883284
0.859925
0.86086
0.883416
0.861631
0.878232
0.871293
0.89982
0.910166
0.926994
0.962982
0.960575
0.985437
1.00684
0.998819
1.03132
1.0514
1.05024
1.05039
0.997022
1.02964
1.05888
1.0761
1.06953
1.07494
1.08912
1.08933
1.08475
1.10582
1.10705
1.12008
1.1158
1.12147
1.11843
1.10858
1.0871
1.077
1.09968
1.10742
1.08676
1.10691
1.08311
1.10361
1.11481
1.1119
1.12371
1.11937
1.0898
1.08073
1.06973
1.07613
1.05267
1.06554
1.03381
1.05994
1.04697
1.02794
1.04755
1.03736
1.04283
1.05195
1.02795
0.995464
0.999344
0.982269
0.961798
0.935591
0.922125
0.879686
0.871097
0.854406
0.85824
0.820441
0.813826
0.803087
0.793256
0.832459
0.902734
