0.703726
0.848679
0.754748
0.931704
0.857312
0.997346
0.818903
0.815512
0.729018
0.818286
0.904011
0.960122
0.893164
0.891302
1.17833
1.23546
0.955314
0.883749
0.956872
1.17302
1.52435
1.33108
1.21299
1.07032
0.85671
0.955562
1.06113
1.28902
0.9759
1.21168
1.45829
1.07867
1.15933
1.25361
1.12093
0.969474
0.94151
1.27325
0.945984
0.973872
1.00262
1.2596
1.13578
1.00216
1.12269
0.915595
1.01045
1.41563
1.09978
1.17489
1.38699
1.04086
1.08364
1.14812
0.942665
0.948657
1.0969
0.868244
1.00505
0.91648
0.896338
0.796884
0.876475
0.968161
1.00857
0.928382
0.929958
0.897387
1.05605
1.0591
1.02836
0.843857
0.91648
0.715416
1.15869
0.760214
0.831973
0.665316
0.906409
0.785554
