0.65824
0.851633
0.991842
1.05249
1.02416
1.03993
0.986699
0.96503
0.953465
0.962372
0.986407
0.995537
0.993368
1.01217
1.03106
1.04801
1.0502
1.0655
1.06595
1.0388
1.02286
1.00262
1.00932
0.997035
0.996094
0.964306
0.985548
0.975329
0.992723
0.974984
1.00268
1.00009
1.01537
1.03278
1.04283
1.04581
1.03406
1.01055
1.01852
1.01296
1.03037
1.00721
1.00998
1.0285
1.04672
1.04396
1.01804
1.03292
1.0086
0.990622
0.966963
0.95697
0.968323
0.977537
0.9786
0.974099
1.00807
0.997763
1.0124
1.07186
1.05873
1.06633
1.08579
1.11009
1.07738
1.04853
1.01282
1.00848
0.983667
0.9709
0.971822
0.935007
0.949739
0.975423
0.951687
0.988599
0.971158
0.932589
0.762689
0.60857
